A1005   4.271807  2.72464  5.564887  4.149278  2.405132  6.653489  3.653261

           CCNH  MAP3K14    SNX21    ZSWIM1    SOCS3     CLIC3    CH25H  \
KU008  6.137507  5.12557  5.52166  6.524999  9.79871  4.215042  5.17576
SA001  6.099757  4.28817  7.84655  6.768409  7.24581  5.159782  4.41168
F6004  5.419957  3.75415  6.95477  6.228929  9.43548  4.377002  5.75500
U4024  4.722717  3.65672  7.84524  6.111679  9.49055  4.573922  4.03960
A1005  5.938957  4.44857  6.67641  6.031829  9.92200  3.693452  5.35051

       KIAA2013     UNC5A      RNF8     HIP1R   FAM105B    KLHL13     BAZ1B  \
KU008   6.06526  2.684552  6.636431  7.729942  8.835283  2.814616  6.011245
SA001   6.32564  1.986362  8.200541  7.673372  6.637783  4.496896  3.545365
F6004   6.27663  3.025902  8.332831  7.429682  7.713413  1.542816  4.551445
U4024   6.29362  2.771662  7.966801  7.782332  8.857573  2.514706  4.235205
A1005   6.61396  2.464422  9.247731  7.219262  8.151303  1.573726  4.862695

        TP53I13    TM4SF5    ZNF766    CCDC97     THAP3   EXOC3L2    ZNF468  \
KU008  8.477971  3.669428  2.225113  3.515096  8.559562  2.857963  7.505114
SA001  9.292351  3.262848  3.133973  4.388256  9.357032  3.988373  7.457254
F6004  8.846451  3.185198  2.562193  4.463786  8.599812  3.491753  7.174754
U4024  9.306311  3.286458  2.515083  4.133686  8.827202  3.452353  6.328414
A1005  8.870641  3.592628  2.611763  4.124746  8.650932  2.761343  7.729774

         ZNF160    CCRL2   C5orf30   FAM110B    SEMA5A    DCAF15  C15orf42  \
KU008  4.274544  2.83146  2.294382  1.880777  5.145025  5.048893  4.611278
SA001  3.400794  3.09900  3.335792  2.918967  7.021795  4.950223  5.110188
F6004  3.243414  3.23716  2.364112  2.437677  7.994395  6.293003  5.094128
U4024  3.566794  2.51261  2.833522  2.242307  7.305155  6.067283  5.417268
A1005  3.333314  3.83546  3.298992  2.303357  6.735915  5.941623  5.587048

           UBA3     MED30    CCNT1   TMEM41A     IFT20     MCFD2  C15orf57  \
KU008  4.630437  4.341904  4.89255  4.836835  6.334596  6.747899  4.869262
SA001  3.354277  3.887634  5.08997  5.090945  5.591816  4.526699  5.263312
F6004  5.473407  3.557104  4.97333  4.461295  6.090866  5.714139  4.308652
U4024  4.930567  3.336594  4.37820  4.885645  5.375816  5.874369  3.126562
A1005  5.147677  2.719674  4.65469  4.454895  5.676756  6.246319  6.054872

       C15orf23  ATP6V1E2      BMF     SPAG9     BTAF1    ZNF622      RPL14  \
KU008  3.241554  1.723472  2.19626  5.527263  7.729559  6.577046  10.599513
SA001  3.934924  2.240242  2.85848  4.222553  6.625869  6.467766  10.582053
F6004  3.957434  2.041692  1.87123  4.421923  7.251839  6.682506  10.666693
U4024  3.369694  2.175482  1.86717  3.874363  7.305439  6.457666  10.603893
A1005  5.844834  1.934122  2.42730  5.736223  8.168999  6.408056  11.366143

           ERI1      DOK2    SH2D2A      ARTN  GADD45GIP1       AIP    CCNT2  \
KU008  3.658797  5.231723  3.613257  3.881361    5.841353  5.895367  4.15705
SA001  4.396047  4.767753  3.824307  3.954911    7.535173  7.156787  4.67952
F6004  3.815527  5.904083  3.642547  4.392911    5.940953  5.023477  4.57852
U4024  3.619497  6.018643  3.960987  4.393351    5.906473  5.199467  4.77097
A1005  4.576067  5.700993  4.472867  3.910261    6.783763  5.283417  5.66377

       PSTPIP2     SCRN2    GPRC5A     YIF1B       SHF    DUOXA1  C1orf201  \
KU008  1.40180  3.663426  2.875526  4.520063  5.426194  2.535324  3.000861
SA001  1.74200  2.107476  2.550886  5.233433  5.868164  2.818284  3.336261
F6004  1.50461  3.629136  4.456556  4.528803  6.008144  2.362694  3.943881
U4024  1.49095  2.299106  3.026576  4.950143  7.198554  2.289924  3.641961
A1005  1.57543  3.479126  3.368396  4.810623  6.395514  2.070884  3.048771

           MAP7      NFS1      PRC1  CCDC109A    SLC7A7    SLC7A6   ZNF799  \
KU008  6.287249  4.463068  5.876823  5.930357  6.271514  3.963082  6.78869
SA001  5.798539  3.631448  5.970343  4.465987  5.639784  3.733922  7.53209
F6004  5.488379  3.387748  4.865053  5.343157  6.343554  4.834102  6.74277
U4024  4.936509  2.900418  4.241383  5.524207  6.313064  4.583622  8.15266
A1005  6.710899  3.578208  7.058793  5.794387  6.839744  4.836462  7.57158

        SLC13A2  C19orf52    ZNF625    ZNF700    ZNF439    PAPSS2    PAPSS1  \
KU008  4.711808   1.97851  3.315741  3.581366  3.947826  2.168412  3.905644
SA001  4.962138   2.73080  3.751231  4.016806  4.342236  3.034132  4.633534
F6004  3.942108   2.50014  3.852951  2.914026  3.892596  2.342872  5.979274
U4024  4.205208   2.70205  3.690411  3.288486  3.923586  2.458212  5.200324
A1005  3.841018   3.10492  3.180771  3.576626  4.520876  3.286922  6.282014

          LYRM7   STARD13     PIAS2  N4BP2L1   ZFAND2A     COX19    MAP3K6  \
KU008  5.155904  3.871178  4.587403  4.26116  4.082055  3.565252  3.364669
SA001  5.059914  2.438408  4.225883  4.88736  6.433005  3.619622  3.531529
F6004  5.916544  3.539288  4.369333  4.73750  6.512135  4.429052  3.008179
U4024  5.921394  3.557228  5.333523  4.93070  5.452915  2.864872  5.417779
A1005  6.412384  3.220858  5.070843  6.57395  4.390435  2.894112  3.132539

           SYT7   LRRC16B    LRSAM1   ANGPTL1    CLDN12   CCDC126     ASH2L  \
KU008  7.969291  4.943591  6.973731  1.643222  6.596534  3.467554  4.220824
SA001  6.365771  4.952121  7.391361  1.662112  5.876384  2.348024  5.506994
F6004  6.485711  5.304891  7.524991  1.883472  6.387564  3.065224  4.262024
U4024  4.052581  5.376781  8.466771  2.659612  6.002204  2.463304  4.429884
A1005  4.326871  5.117841  7.265791  1.894712  6.645564  3.112004  5.594904

         SEC11C    CLDN10     CLDN8   FAM104B    CLDN2     CLDN1    DIRAS3  \
KU008  3.597095  3.284985  5.128737  3.295612  5.85041  2.998651  2.563712
SA001  2.841205  3.387315  2.307197  3.297782  6.27045  3.896861  1.981382
F6004  3.182445  3.333065  5.303887  3.406252  6.18190  5.320711  2.087492
U4024  3.232935  3.589535  2.026147  4.467812  6.94440  4.428461  2.416812
A1005  4.290815  3.442475  1.899177  4.017172  5.56561  3.565671  2.286072

          PYGO2      LDB2    CCDC45      CCT6A   ANGEL2   TMEM55B    PRMT10  \
KU008  2.064729  2.471031  3.662084  10.555623  5.21956  2.262454  3.101482
SA001  2.544739  3.629431  3.504514   8.096453  3.57868  2.900614  3.557112
F6004  2.087349  3.048541  3.043964   9.439993  5.24566  2.152274  3.491092
U4024  0.567979  4.114801  3.619164   8.538303  5.64683  2.462874  4.296862
A1005  3.158149  5.343911  2.227454   9.152663  5.61000  2.954424  4.008092

       C16orf93    ZNF598    SPOCD1    EIF1AY      HN1L     SPSB3      IL33  \
KU008  4.149742  9.495391  4.614696  2.345296  5.805054  6.806455  4.877524
SA001  4.005742  9.109901  3.316116  1.333626  5.410264  8.649545  3.067374
F6004  4.167242  9.497251  3.848576  1.593796  5.064794  7.078775  4.643304
U4024  3.920732  9.335461  4.391356  1.484606  4.458054  7.178965  7.160524
A1005  3.907252  9.313671  3.620986  1.328866  5.837524  6.827135  6.203944

        TMSB4Y  C9orf123    ZNF697    PKMYT1      PIGQ     SART1    DNAJA3  \
KU008  1.84522  7.548047  10.62944  6.363321  6.966827  6.898471  6.524124
SA001  1.27325  6.519537   6.39124  7.068771  6.954987  6.986831  6.384194
F6004  0.98240  7.836817   7.40251  7.087571  6.436567  5.803051  5.941194
U4024  1.14565  7.499027   7.73248  6.741421  7.212157  6.478371  6.286254
A1005  1.20144  8.375917   8.42681  5.980561  7.489297  5.726581  6.972754

         TRIM41    UNC119    TBX19     ADCK2     DHX57     TBX18     USP14  \
KU008  8.502749  5.449567  3.50815  3.042672  5.342296  1.291222  5.352519
SA001  9.144799  5.518867  4.04154  2.644322  4.775636  1.525382  3.625839
F6004  8.239789  5.891397  3.39497  3.500632  5.014986  1.243492  4.567149
U4024  9.330389  5.354137  3.88811  3.158102  5.830336  1.670772  4.589199
A1005  9.065599  5.109997  3.70829  2.599202  4.656306  1.396872  4.145409

           USP6    ZNF251      USP2     KIFC2  CREB3L1    ACVR1B     USP10  \
KU008  5.723083  6.512514  4.704417  10.61053  5.20978  8.017461  4.181295
SA001  5.992053  6.312824  5.350667   9.17134  5.82975  6.826711  3.526275
F6004  5.973443  5.995604  4.784417   8.44243  6.04615  5.853401  4.172195
U4024  5.896213  7.861514  4.701837  10.53770  6.16606  5.920161  4.328105
A1005  5.008123  6.491234  4.145947   9.00829  6.17656  6.513751  4.873025

           USP8     FMNL3     LASS5      DPP9       RGN   CCDC149    CCDC34  \
KU008  4.595506  3.416431  5.492601  5.468511  6.323138  4.729094  4.767369
SA001  3.476136  2.440411  5.086981  6.356971  4.928958  4.921614  8.319919
F6004  4.381456  3.210961  4.959891  5.753001  3.158708  4.858434  5.261519
U4024  5.108516  3.550691  5.503361  5.626751  4.383968  5.935964  4.057689
A1005  6.310186  3.766241  5.296551  4.925691  2.464028  5.376594  5.015129

          MTMR6     MTMR7      CD1C     MTMR4    TRIM47       NMI      MTA1  \
KU008  2.319834  2.249639  2.953755  5.435866  4.535025  6.478843  8.374101
SA001  2.326744  2.636049  2.560015  5.293476  4.253415  5.007253  8.544541
F6004  2.472704  2.625149  3.938935  5.122976  3.963875  5.165313  7.348241
U4024  2.240044  1.905949  2.269065  5.920836  4.686795  6.501723  7.989171
A1005  4.008264  2.636859  4.591255  6.076446  4.228945  5.318613  8.095611

        L3MBTL4  SLC25A46  ATP6V0D1    TMEM67     TIGD7     IGFN1   SEC22C  \
KU008  1.651692  5.458734  9.625221  2.436931  3.580288  2.416881  3.59552
SA001  1.484662  3.379464  7.743661  2.952881  4.003298  3.004621  3.80181
F6004  1.468012  4.632194  7.229951  2.031581  5.003528  2.862541  3.47054
U4024  1.461992  3.494944  6.477501  2.010771  4.441538  3.037421  3.83404
A1005  1.677782  5.806004  7.308021  2.322561  3.115028  2.714671  3.39042

         SCARF2       INA      CD1D   SLC16A6   SLC16A5   SLC16A4   SLC16A3  \
KU008  5.566129  1.516455  2.983696  1.934186  5.543991  5.437876  3.363713
SA001  6.147269  1.663165  3.360516  2.164106  5.655711  2.184346  4.196823
F6004  5.996489  1.512985  2.932716  2.121216  4.625941  2.781006  3.727403
U4024  5.486189  1.809585  3.416806  3.499876  5.089581  3.832936  4.193903
A1005  5.581479  1.797585  3.805826  3.863666  4.423641  4.836466  3.247523

        PDLIM1     RQCD1  SLC39A13      SMC3      BOD1     PRPF4   C9orf30  \
KU008  1.57884  5.588459  3.623565  5.135517  3.160712  4.139173  4.557189
SA001  2.34976  4.084529  5.486775  3.853297  2.384102  4.985423  5.400909
F6004  3.03374  5.285709  3.457195  3.847447  3.330902  6.476943  4.725229
U4024  2.37970  4.562259  2.866255  3.685637  2.942802  5.607973  3.872629
A1005  1.76563  5.487319  4.477195  4.108227  3.922522  6.324213  6.252589

           LMF2     PRPF3  C12orf29    FAM50A  C19orf22   C19orf6     AIFM1  \
KU008  8.117121  5.768802  3.198456  4.872935  5.342251  3.573711  6.065807
SA001  8.520411  6.238002  3.929926  5.331925  6.590971  3.382251  5.753367
F6004  8.316821  5.268712  3.513626  5.686645  5.532361  3.309421  6.826777
U4024  8.960521  5.991002  2.802536  5.600205  4.285851  3.258631  5.554117
A1005  9.025161  5.904492  3.642876  4.088465  4.762441  3.071171  5.968807

          DERL3     KCNQ4     CCNB2     CCNE2    RABEP1    DDX60L     LRP5L  \
KU008  4.774696  3.520233  4.502204  6.171339  7.691347  6.113985  3.529064
SA001  4.953866  3.163273  6.374194  4.150909  7.846517  5.088915  4.092524
F6004  4.638646  4.287803  6.083304  4.866519  7.448657  6.296865  3.167114
U4024  5.633506  4.475693  5.234634  5.853709  7.504707  6.908555  3.342324
A1005  6.060526  5.425603  5.602494  5.192599  9.294507  6.586735  4.154074

           RRP9  CDKN2AIPNL  ANKRD40     UAP1L1   ARHGEF1   CBFA2T2    ZNF502  \
KU008  5.888609     2.36340  5.47798  10.113676  3.140715  6.579861  2.281168
SA001  7.213689     2.88204  2.21214   7.182136  5.555075  4.722111  2.272498
F6004  6.835819     2.67445  3.80845   8.371446  4.665425  5.178391  1.921068
U4024  5.128769     2.68694  5.35616  10.767856  5.250075  3.720541  2.109718
A1005  7.420779     2.16017  3.95085   9.960116  4.260215  6.342931  2.119248

            CD2     ATG12   SESTD1    BTF3L4   CCDC74B     PDCD5  XRCC6BP1  \
KU008  1.706656  8.444452  2.75480  6.332851  2.656371  6.408873  2.884314
SA001  2.355256  5.812302  3.73398  5.843421  3.722161  7.049213  2.229224
F6004  1.848716  7.596452  3.16123  5.221731  3.616051  7.976073  3.351694
U4024  2.568736  8.063102  5.01627  5.216841  2.677561  6.718103  2.980064
A1005  2.782726  6.973222  4.28682  6.280861  2.419671  6.415943  2.401814

         SYNGR3     RCCD1     SYNGR2    RNF185    SYNGR1     ACBD5      HGS  \
KU008  1.992971  7.945217  11.147195  4.481166  3.263532  5.605402  4.52839
SA001  2.487781  8.115757   7.333445  3.693556  3.368692  3.626812  5.07955
F6004  1.983951  8.073037  11.017285  4.507746  3.469052  4.310552  4.86197
U4024  2.748781  6.817667   7.024175  3.130636  3.430332  4.639522  4.47909
A1005  2.398411  8.610587   9.827435  5.099886  3.648942  6.172772  4.31181

         PKDCC       ISX   SDCCAG1     NEURL      CD3D     CTDP1  COL23A1  \
KU008  7.43420  3.956738  7.597778  2.929992  4.145554  6.855646  3.47212
SA001  8.07109  3.053968  5.037498  2.542542  4.817014  5.549966  3.13263
F6004  7.26947  2.684888  6.021138  2.607232  4.409534  6.032926  3.32363
U4024  7.16314  1.751248  6.551518  2.789702  4.636964  5.985156  3.52341
A1005  7.48415  1.449038  6.664118  2.613102  6.175214  6.171746  3.26497

        FAM113B   ANKRD44   SLC28A2   SLC28A1    UBXN11      EXO1  C12orf65  \
KU008  4.653716  3.057502  6.645159  2.237355  3.522214  3.186354   4.51465
SA001  2.472356  4.169512  7.221019  2.375215  3.619174  1.976514   4.69429
F6004  2.284126  3.375992  6.715369  2.019235  3.682664  2.315674   4.74361
U4024  3.563196  4.175922  6.930609  1.881725  3.442494  2.846394   5.63748
A1005  2.613466  5.760722  6.282009  1.634225  2.795144  3.013784   4.90531

           FIBP  RPS19BP1    PLXNA4     PCSK7      CD3E    ZNF830    SLFN11  \
KU008  3.636857  5.402067  1.931497  6.524851  4.313839  4.195343  7.653279
SA001  3.192227  5.927617  3.166387  5.445721  5.232099  4.722543  5.555789
F6004  3.866097  5.780777  2.655667  5.713051  5.038509  4.314323  6.939799
U4024  3.044407  5.327887  2.282757  6.108601  4.931389  4.829033  6.866259
A1005  3.748237  6.352887  3.359437  5.996871  6.093719  4.474593  7.836199

        RASL10B    DEPDC7      NEXN    ATPAF2       BOC     EBAG9    ZNF765  \
KU008  7.723829  3.361946  4.108308  1.834652  5.168638  5.008372  4.361742
SA001  9.468879  2.040046  2.547788  2.525582  4.436608  4.824432  4.816692
F6004  8.086669  2.624826  4.319288  2.258602  5.152958  5.912602  4.408682
U4024  8.703329  2.324116  3.334088  2.480472  5.141798  6.187002  4.601612
A1005  6.492599  1.968886  3.867388  2.275262  6.881018  4.972972  3.951602

          MYADM    ZNF845   COX7A2L    TMSB10     CENPL  C22orf32   SRSF2IP  \
KU008  5.682494  4.978201  8.218944  11.33334  1.750362  5.347535  5.142862
SA001  5.913294  5.884901  6.609534  10.43077  2.001132  4.336015  4.839952
F6004  5.359944  5.238991  6.869534  10.24868  2.105162  4.327285  5.173902
U4024  5.829714  5.277371  6.057104  11.01989  2.205872  3.893715  5.545492
A1005  4.830004  4.555081  7.545754  11.56285  2.056722  6.183035  4.032962

        LONRF1     LPAR2     MYOM2    IL1RL1      IDI2    YTHDC1  C14orf43  \
KU008  3.48410  5.018312  3.620625  2.468195  2.077275  7.652788  5.956642
SA001  6.33467  7.914822  5.117195  2.832065  1.676215  8.098738  4.334752
F6004  3.68786  5.403372  4.416175  2.798015  1.763655  6.822018  5.206322
U4024  3.87116  6.409462  4.161125  2.573115  1.504495  8.725788  5.448382
A1005  4.40999  6.170692  4.089975  2.442835  1.347955  8.551068  5.837032

       KIAA1919   MAP3K13     LIN52      NEK9   CABLES1    FAM55C     CHMP7  \
KU008  5.655926  5.410735  2.440991  2.881771  5.341506  2.131677  5.324574
SA001  4.614426  4.081285  2.529841  2.297731  3.270726  1.403107  5.280174
F6004  5.410286  4.133175  2.112881  2.299451  3.911786  1.712217  5.283754
U4024  4.923936  4.633155  1.751081  3.577981  1.677746  1.922007  6.298294
A1005  6.238086  5.428565  2.664151  3.775401  1.570696  2.197987  6.216194

          AP4M1      OSMR    ALKBH8   ARHGEF2   RASSF9  C14orf73      ZW10  \
KU008  3.645541  3.331913  4.706342  2.564468  1.66616  4.734455  6.069665
SA001  3.661921  2.042663  5.256002  4.930768  3.33832  4.258835  4.103285
F6004  3.345661  3.659153  5.876422  4.289948  2.44743  4.279485  6.128185
U4024  3.890791  3.230983  4.520192  3.774528  2.12550  5.024455  5.963925
A1005  3.180831  3.551293  5.907182  3.324708  1.40579  4.425355  4.537905

          WDR20       BUB3     REPS2    CHRDL1    CALML4  MARVELD3      RFT1  \
KU008  4.767215   9.671239  4.012309  4.186296  8.027989  3.215263  2.569334
SA001  4.632205   9.179379  4.227639  1.925206  7.594069  3.161723  3.011454
F6004  4.935125   9.592419  2.853579  2.106906  8.427279  2.801933  2.643734
U4024  5.869005   9.235399  4.006949  1.719586  8.082479  2.613343  2.131614
A1005  5.258935  10.716309  6.906169  2.429846  8.304519  2.714963  2.252434

        SLC24A1      TTC5    DDX21     ZBED1  C11orf52     CD247      DEDD  \
KU008  4.794456  2.061002  5.54813  2.826289   4.17202  4.064576  6.330485
SA001  3.432496  2.365182  5.40992  2.275629   4.24891  3.517536  5.170315
F6004  3.918176  1.898872  4.99298  2.476139   4.06047  3.476886  4.970065
U4024  3.604366  2.024942  4.20275  3.193169   3.84796  3.680436  5.345175
A1005  4.213306  1.747072  4.46844  2.730459   3.75863  3.976966  5.923845

          TIMD4   SLC16A7   NDUFAF2    ARRDC4      COG7    KCNAB3  SLC33A1  \
KU008  2.194139  1.157468  5.222025  2.755568  3.404694  2.068137  6.76202
SA001  1.848349  1.294848  5.318355  2.176208  4.453774  1.528067  5.66269
F6004  1.724039  1.545328  6.378505  2.237298  3.154984  2.334737  5.66842
U4024  1.637099  1.491738  5.592835  2.118638  3.758174  2.720437  5.24505
A1005  1.348569  1.607938  5.693005  2.610268  3.844104  1.935657  7.01288

        ZNF300  C19orf20   ACVR2A       CD4     PTPLA    FAM58A     DCLK1  \
KU008  2.16446  7.123123  6.13190  2.078863  1.724973  2.946032  2.529477
SA001  2.04493  7.624533  5.71455  1.951793  1.401893  4.215452  2.588197
F6004  1.93530  7.018333  6.08426  2.331123  1.316303  3.626882  2.159827
U4024  1.84980  7.683713  6.00038  2.127103  1.176383  3.251522  2.018517
A1005  1.72425  7.768613  6.50191  2.126133  1.251213  3.276092  2.905657

         MCART1     SNX29     ZMYM4     ZMYM3     ZMYM6     ZMYM5   LRRFIP1  \
KU008  4.334986  2.587091  4.045367  4.127037  6.674507  3.500282  5.276149
SA001  3.509036  2.325821  3.391377  4.146467  4.709697  2.430982  5.208379
F6004  4.304136  2.837431  3.858347  3.277877  6.507887  4.199532  4.890929
U4024  2.827036  2.315261  3.465497  2.711807  6.106667  3.846452  5.123909
A1005  4.255136  2.429081  3.767517  3.205527  5.831197  3.705552  6.116429

        LRRFIP2  ZC3HAV1L    TTC30A      INTS4    OXNAD1      LGI1     AURKB  \
KU008  3.995976  4.527158  1.857116   9.640107  3.416509  1.501809  5.942159
SA001  4.445056  4.445408  2.682886  10.569037  3.558769  1.601159  5.810949
F6004  4.253256  4.819328  1.794476   9.442157  5.760669  1.263799  5.767979
U4024  3.909766  4.482558  1.251036   8.766807  4.611999  1.772719  5.430769
A1005  4.020526  4.255698  2.065636   9.615157  6.351889  1.610179  6.591659

           DSEL      XPR1     FAIM3      MTDH     LARGE    MTSS1L      VAPB  \
KU008  2.123252  7.783902  2.206787  9.009823  2.170623  5.110315  6.114753
SA001  2.916952  7.151152  2.312807  5.818973  2.772763  6.326115  5.362413
F6004  2.604452  6.993182  2.123747  6.379673  2.027293  7.216645  5.846233
U4024  1.942032  8.133292  3.161127  8.025333  2.060763  6.473515  4.838613
A1005  2.745972  7.929632  3.107157  8.111543  1.828463  5.596795  5.266053

           MTG1      VAPA     UBTD2     MTA2     DAPL1     TIAF1     NOLC1  \
KU008  3.695346  6.369269  4.854663  3.20173  1.968687  6.666591  6.369529
SA001  3.344756  5.024429  4.590123  2.27348  3.230547  7.203641  5.586699
F6004  3.438056  5.591109  5.257863  3.52371  1.781197  6.597741  6.663739
U4024  3.812206  5.008969  4.321473  2.51540  1.890137  7.215881  6.181879
A1005  2.860916  5.721449  5.242073  2.61138  1.768167  6.578951  7.779719

          CDHR1     MAGI1    DUSP27     RCSD1    LMBRD2    MRPS36  ATP6AP1L  \
KU008  2.073024  4.620186  5.457775  4.273305  2.705471  8.147109   3.42516
SA001  5.338134  3.373716  6.215545  3.694165  2.764731  6.742809   3.59166
F6004  6.118714  4.992606  7.311125  2.538165  3.529991  6.937749   3.13791
U4024  2.309694  4.753056  2.322425  3.616015  2.877121  6.395559   3.47738
A1005  2.539844  4.897136  4.747325  3.190895  3.638571  6.836869   2.98360

         ZNF461    DLGAP1    CAPN13   GLYATL1  TMEM132C       CD6    RAB11B  \
KU008  1.940693  2.638285  2.587777  1.809595  1.629291  5.595236  3.405174
SA001  2.374993  2.940855  1.985887  1.266215  1.659631  5.645426  3.757574
F6004  2.159413  2.454725  1.741537  2.228505  1.888131  5.259746  3.488294
U4024  2.296403  2.635945  2.000887  2.673915  1.710281  5.328666  3.756154
A1005  2.144173  3.224695  2.135007  2.608925  1.486201  5.753446  3.107594

       TMEM129      DLG5      PTTG1    STRADA  C17orf72  C1orf156    GORAB  \
KU008  5.49639  2.764568  10.475422  4.544126  1.778969  3.565976  6.53756
SA001  3.56218  3.931558  10.877352  4.361666  2.490969  3.041866  3.71107
F6004  4.56005  3.574428  10.934682  5.075026  2.747109  3.054926  5.63963
U4024  4.40911  4.905028  10.331712  5.129526  2.291639  3.463176  5.90625
A1005  4.74539  1.521508  10.690312  5.871806  1.904079  3.070636  7.05213

           NAF1      IL32      CRB3     CCPG1     ACPL2     TBRG4      MRRF  \
KU008  2.755469  2.814792  6.327935  5.560987  5.227389  3.776406  5.153259
SA001  3.569409  4.356872  5.895755  5.253267  2.573189  4.142636  4.420179
F6004  2.911499  4.005412  5.591815  6.457947  4.512879  4.303766  4.178919
U4024  2.455629  4.701922  5.398715  4.492217  3.735549  3.402656  5.644899
A1005  4.080709  4.375492  6.684115  6.443127  4.150349  2.564026  6.412949

            CD7     RBM18       MSC    CHMP4C     GCNT3    DHRS3      CD8A  \
KU008  4.264862  5.844139  4.626923  6.313607  7.035638  7.55817  2.261153
SA001  5.295032  4.038439  5.851953  4.139037  6.211388  6.85872  1.946433
F6004  5.196952  5.368469  5.216013  5.126757  5.699118  6.92172  1.967643
U4024  5.440492  4.675689  5.147643  5.860137  5.944878  5.14032  1.980473
A1005  5.351372  5.879709  5.445043  5.034027  7.332738  6.76189  3.320523

        RPS6KA5    CYTSB     NUMBL  CACNA2D2     AIMP1    CCDC64     FANK1  \
KU008  3.484312  1.86845  4.616318  4.872926  4.410396  2.143208  3.101779
SA001  5.296552  2.17265  4.353938  3.594306  2.981116  3.183218  2.454439
F6004  4.593392  2.59045  5.223248  7.381656  4.964886  3.047938  2.440369
U4024  5.078572  2.89119  5.035508  3.195356  5.173406  3.239838  2.718799
A1005  4.963632  3.44114  4.601098  2.597346  4.380336  2.553018  3.416949

          G6PC3    MFHAS1    ZNF764   MOBKL1A    PDLIM7   MAPKAPK2      TIFA  \
KU008  6.082009  2.406369  2.582774  3.964749  4.113247  13.411576  2.665205
SA001  5.875349  2.945669  2.926834  3.468929  4.398907  11.064586  2.508475
F6004  6.047589  1.744859  3.117424  3.350939  4.321247  11.630896  2.368995
U4024  5.659799  2.193379  3.365794  4.028709  5.216537  11.854606  3.879525
A1005  6.500869  3.129909  3.718204  3.879549  3.861407  13.099406  4.138675

         STK17B    STK17A     CYTH3     CYTH2     CYTH1      DTD1  FAM114A1  \
KU008  5.448137  5.365297  6.794143  6.670699  4.620976  7.067672  3.220458
SA001  5.059737  4.364857  5.938903  6.702979  5.169366  5.846392  3.300458
F6004  5.570127  4.959577  6.372543  6.399819  5.045356  5.835942  4.056468
U4024  5.537647  5.190977  6.618033  8.592249  4.839156  5.683942  4.752578
A1005  6.142707  6.579367  6.859513  8.547989  4.369216  6.280322  3.631768

       ITGB1BP1  TMEM183B    PIWIL1    ARRDC1     WDR85     OTOP2      DNER  \
KU008  5.903589  6.306997  4.648299  5.831779  8.427371  2.669224  1.707172
SA001  4.645429  5.564807  5.459439  6.200879  6.669671  2.660554  1.317352
F6004  5.353359  5.798747  6.932979  5.815149  7.706381  3.148734  1.353962
U4024  6.213089  5.780057  8.109489  5.887239  7.586031  3.148214  1.537472
A1005  7.023159  6.260607  6.918889  5.544659  9.328891  2.608444  1.188972

         MIR762  SLC38A5  C20orf114     BCL7B     COPB2    WDR46    ZBTB22  \
KU008  6.430577  2.56935   2.631659  6.319846  8.880257  2.53810  3.329644
SA001  5.753887  2.01177   3.122059  4.721046  6.004187  3.87605  3.968024
F6004  5.506117  2.58551   2.526849  5.590696  7.091557  2.47197  3.434754
U4024  6.201837  2.40711   3.113669  5.931916  7.030357  2.31235  3.747154
A1005  5.175727  2.82241   2.400729  6.184046  7.743627  2.90014  2.759514

           HELB       CD9   CENPBD1     MED14    ZNF276  GPR37L1     REEP6  \
KU008  2.806869  5.216586  3.962436  3.844426  5.838454  3.13943  4.045031
SA001  2.382989  4.664116  3.453236  4.838046  7.439054  3.13715  4.996501
F6004  2.172549  5.526796  3.612596  5.308826  5.939154  3.38678  3.583261
U4024  2.578079  5.451996  4.269286  4.896766  6.459114  3.05689  4.844811
A1005  3.803259  4.544556  3.702156  5.453616  6.214494  2.61625  3.576071

           IMP4     GPR56      CD14    HNRPLL    UBE2Q2     MARS2     S1PR2  \
KU008  1.931979  7.184907  6.494812  4.012167  4.742648  3.055261  2.102929
SA001  2.969109  6.801187  5.893692  4.135717  4.539128  3.321371  2.595849
F6004  3.016739  6.540867  6.465312  3.737447  5.845228  2.427721  2.433539
U4024  2.432899  6.949457  6.664252  4.958627  5.000818  2.310861  3.120669
A1005  4.970129  7.235797  6.619342  4.636567  7.086518  3.207871  3.109849

       ADAMTSL1   SRSF11   ATP6V1F    PEX11G    MARCH9    ZBTB47    ACVR2B  \
KU008  1.729518  8.99594  9.671479  5.774778  3.659732  3.872172  3.352522
SA001  2.288048  6.39778  7.201599  6.158418  4.290792  4.362892  3.004872
F6004  1.670138  6.56228  7.918639  5.454998  4.301912  5.002392  3.400852
U4024  1.769148  6.36873  7.888259  4.617878  3.667692  4.145072  3.631192
A1005  1.724688  8.53015  7.503639  5.354708  3.699122  3.724382  2.989862

           CD19    B3GNT7   PKHD1L1    COQ10A     SOCS6      CD83  C13orf27  \
KU008  2.068418  5.099965  1.201644  4.672579  2.427837  1.810419  3.108666
SA001  2.623158  2.564245  1.301994  4.891369  2.258657  1.900929  1.459326
F6004  2.420088  4.624765  1.060564  5.726099  2.163807  2.213269  2.093496
U4024  2.105218  2.901375  1.079654  4.240199  2.411307  2.162989  1.703486
A1005  2.730268  3.426155  1.373194  5.342899  3.263787  2.638709  1.759346

           DMKN     MS4A1    ZNF235    NAPRT1    TMEM44     ORAI3    ZNF561  \
KU008  4.508214  2.117745  2.210637  6.976879  3.732463  6.145623  2.758872
SA001  2.929574  2.454385  2.195717  6.637819  4.834523  5.485753  2.331832
F6004  3.081454  2.448795  1.776467  6.100699  4.181083  5.817153  2.305752
U4024  2.860864  2.585925  1.750657  6.867089  4.221343  6.003053  2.322002
A1005  3.384734  3.242655  1.697097  6.832119  3.574683  6.937313  3.421342

           KLF4   C5orf13     PRDM6      PTER     COPS2      PIGM     IGSF8  \
KU008  4.975653  5.171897  2.745718  5.548665  5.866781  1.667968  4.903348
SA001  3.755973  5.062007  2.590588  2.959605  5.460911  2.764578  6.660868
F6004  3.726593  7.715707  3.068738  3.178345  5.170471  2.029838  6.377938
U4024  3.830073  7.146667  4.594618  2.908195  5.067311  2.674388  6.014358
A1005  3.306693  7.015857  5.088308  2.867275  6.771791  2.468598  6.689378

         TRIP13    TRIP12    TRIP11     PGAP3    TRIP10     HMGN3     TRIP4  \
KU008  5.197108  4.861072  6.322536  3.344819  5.769273  7.161233  4.303189
SA001  6.019948  3.742532  3.996626  5.237949  6.276263  6.314723  3.796289
F6004  6.300868  5.150422  3.701126  3.646079  6.506183  8.001163  4.681849
U4024  5.751818  5.141092  3.564206  3.145889  5.713243  7.676363  4.624429
A1005  6.413028  5.916092  4.295726  2.509819  6.189433  8.459643  5.092869

          LEMD1    GTF3C5    GTF3C4      CD22    GTF3C3   B4GALT6     CD163  \
KU008  3.729427  6.860097  5.873398  5.320969  4.865795  1.931261  3.500624
SA001  2.851417  6.295947  5.640678  5.957759  5.714505  2.211131  3.650434
F6004  3.309637  5.861937  5.745458  5.660919  5.871895  1.876341  4.372124
U4024  3.096567  6.236377  7.244118  6.480419  5.741315  2.406671  4.029284
A1005  3.164427  6.382107  6.058578  6.277209  6.115405  2.460581  5.896664

          HAUS8   B4GALT5   FAM125A    SP140L     CNOT8     MMGT1    VAMP3  \
KU008  2.630728  5.679366  6.634639  6.109626  7.941294  4.756683  3.68335
SA001  3.508858  5.514716  7.140789  3.061806  5.298694  5.307523  4.27014
F6004  1.796098  5.297536  5.949739  2.253906  7.287384  3.456453  4.60582
U4024  1.714128  5.504186  6.520449  2.646326  6.196564  4.559973  4.84534
A1005  1.737058  5.981396  6.758839  5.209826  7.780734  4.038573  4.93447

         SNAP29    EFTUD2      ARMC6     TAOK2    ZNF670  MAPK1IP1L  \
KU008  2.444256  6.378096   6.343977  5.938735  1.747332   6.415588
SA001  1.981016  6.189616   7.464317  6.425155  2.139512   3.848678
F6004  3.127896  6.660626   8.502227  6.107125  1.702172   5.408248
U4024  3.368006  6.447316   7.649607  7.136405  1.769142   6.354698
A1005  3.066316  6.370546  10.405627  6.013685  2.071282   6.461488

         RPL23P8  SLC9A3R2  SDR42E1    TXNL1     SLIT2     UBE4A    ANUBL1  \
KU008  12.355297  2.528126  3.42348  6.92042  3.263345  4.920464  1.945509
SA001  11.348617  3.200126  3.06282  6.67264  3.153995  4.344524  2.236849
F6004  11.593927  3.008876  3.38876  7.03328  3.558255  5.760924  1.825039
U4024  11.336177  2.422956  4.25759  7.16270  3.198955  4.949144  2.492689
A1005  12.025167  2.397396  3.75327  7.50014  5.278405  5.814154  2.348239

        SLC22A6    ITGBL1   RG9MTD2  CACNA2D4     WDR67      PPIG     LONP1  \
KU008  1.771426  4.139006  5.730367  3.872683  3.328507  3.913729  5.977432
SA001  2.451636  2.730106  2.039917  2.909883  2.325317  3.827279  6.263092
F6004  1.774016  3.018866  2.586177  4.108023  3.120527  4.303139  5.907042
U4024  1.888306  2.960606  1.376937  4.571513  3.096557  4.800419  5.810022
A1005  1.880426  4.053386  2.654707  3.930013  3.164447  4.701749  7.544282

        FBXO44    MRFAP1    TADA2B      TBCK   RAB33A     RAB28     TJAP1  \
KU008  4.30993  9.704263  7.683424  5.597822  3.02143  1.545867  6.543236
SA001  5.22783  8.737933  6.702284  4.551702  2.77122  1.547757  6.535096
F6004  4.72634  8.858223  6.386954  4.480932  3.09389  1.184947  8.367176
U4024  4.73521  9.352583  6.251144  5.238822  2.43775  1.236647  7.266646
A1005  4.12916  9.713573  5.494844  5.575212  2.57821  2.210267  7.583136

          MYOCD       KL  ARHGAP18    CADPS2    RAB9A  SLC9A3R1     NRXN3  \
KU008  4.846279  2.46057  6.873875  5.031481  4.43381  8.206514  4.038335
SA001  3.865579  3.14436  5.684805  2.760731  4.34711  8.995024  3.171405
F6004  3.937309  2.43688  6.443015  4.424001  4.92289  8.415724  3.071305
U4024  3.786159  2.29914  6.314135  3.622011  4.72597  7.473094  1.812295
A1005  2.085559  2.20693  6.328975  6.597261  4.67821  7.955204  3.498805

         ADIPOQ     KIF3B    ZFYVE9      PLAA    TM9SF2     COX5A    NRXN1  \
KU008  2.395532  4.667037  3.404852  3.374492  8.253741  8.304613  3.75276
SA001  2.194572  4.840917  3.648262  2.290992  5.812911  8.860763  2.37843
F6004  2.095892  5.456157  4.223912  3.833202  6.804111  9.405223  2.18154
U4024  1.926902  4.786427  5.574152  2.248922  5.930341  8.547003  1.70506
A1005  1.889432  4.779997  5.043952  3.516792  7.319391  9.497023  1.62648

          GRHPR      COG1      LIPG      CD27  SLC22A13     CIAO1  TGFBRAP1  \
KU008  3.268795  3.498199  3.392496  4.099525  1.963112  7.376755  2.695805
SA001  4.426055  2.660049  2.767786  3.924995  2.624172  7.927575  3.004015
F6004  3.630095  3.393749  3.602576  4.879105  2.199972  7.423215  2.283115
U4024  3.338975  3.896099  3.885886  5.314785  1.956472  7.568595  2.517295
A1005  3.794535  3.481669  4.223266  4.568505  1.911632  8.008535  2.581755

          HS6ST1     ACRC      NMT2     ACTR8    ATPIF1     FOXP2    STOML1  \
KU008   8.960723  5.16857  3.984443  6.513834  7.993222  1.490836  5.021733
SA001   9.765333  5.30809  4.873833  7.779504  5.909172  2.286276  5.899503
F6004  10.076933  4.16518  4.585063  8.009534  7.003542  2.339136  5.134573
U4024   9.632073  5.25538  5.107433  7.540964  6.832162  1.926746  4.413303
A1005   9.152163  5.81550  4.794913  7.016754  7.949892  1.492616  5.103583

         ACVRL1      CD28   RECQL5      PIGS    RECQL4     TTYH2     GRAP2  \
KU008  7.226707  1.547186  5.11633  8.113195  8.749419  2.270433  2.641355
SA001  5.136927  1.330976  5.37313  7.515905  9.051859  1.895493  2.509005
F6004  7.310757  1.983906  4.36000  7.588435  8.106219  2.581953  2.595525
U4024  7.474547  1.719696  4.59575  7.290215  8.069129  2.386033  2.517955
A1005  7.152727  1.427196  6.23355  7.483645  8.713839  2.128093  2.482215

          HTRA3   CAMK2N2    ZNF101      LPXN     SYAP1      LENG9    ZRANB2  \
KU008  6.343644  2.282436  2.269092  1.875902  6.784095   9.368398  4.638016
SA001  6.830004  2.018336  2.396512  1.193132  7.294995   9.762348  4.880696
F6004  6.723714  3.072086  1.705192  1.777702  7.433505   9.509708  4.157226
U4024  7.959004  2.372936  2.401052  2.034212  7.016125   9.190238  5.004516
A1005  7.481504  2.073006  3.535622  2.958582  6.001745  10.371318  6.683676

           SFXN1    PEX16     SFXN5     CD80   SNRNP40    ORMDL1    ORMDL3  \
KU008  12.329635  5.84045  3.962898  4.59722  4.478699  2.234482  8.442454
SA001   7.301915  5.38372  4.613918  3.61878  4.621319  2.988512  7.567154
F6004   6.619555  6.19698  4.876498  3.24241  4.542039  2.069532  7.832854
U4024   7.958475  5.34552  3.826868  3.41822  4.666689  2.275362  7.890824
A1005   8.646945  4.99553  4.406358  5.44110  4.050969  3.343142  6.621654

          GCFC1   TMEM203  ARHGAP29     MED21     SYTL3     SYTL4     SYTL5  \
KU008  2.941516  4.017297  4.554904  2.913533  2.143937  6.172623  2.795637
SA001  2.847296  4.216887  2.531654  3.251873  2.517117  4.494703  3.003307
F6004  2.624886  3.890377  3.569994  3.653073  2.616687  4.207493  2.059437
U4024  3.000786  4.409217  2.905944  2.746603  2.506977  5.240503  1.658367
A1005  3.321406  5.498707  4.541324  3.476433  2.360187  4.712253  1.481117

       FAM189A2  ARHGAP12     RP1L1      TJP2     DDX23      CD86    CYP7B1  \
KU008  2.015007  4.870951  1.461459  7.569554  5.328519  3.034371  3.317795
SA001  2.296397  2.705101  2.529759  6.300834  5.645369  3.545091  3.520555
F6004  2.375747  3.566611  1.851829  7.105604  5.709459  3.646981  4.047635
U4024  1.752277  4.242641  2.171529  6.589074  5.688049  3.625191  4.760935
A1005  1.632287  4.358611  1.697389  6.831494  4.300899  2.803761  4.428925

          HAND1    ZNF264     NTN1     FOXQ1     H2AFV     KCNK6    EPSTI1  \
KU008  2.870741  3.704529  4.51499  7.033993  7.966062  3.272954  3.314573
SA001  3.187551  3.658549  2.85120  7.224163  6.785942  4.707044  2.781013
F6004  2.974231  2.986109  4.61102  7.446253  8.504352  3.825874  3.340123
U4024  2.340011  3.194169  4.13429  7.740503  6.964722  3.779614  2.173733
A1005  2.398761  3.685039  4.14786  8.542793  9.845572  3.306754  5.105113

       TP53INP1      CDYL  PPP1R14A     ABCG2    TNFRSF8     CHST2     MED23  \
KU008  4.682524  3.974611  4.376061  2.390808   3.048481  1.998565  4.628343
SA001  4.565954  4.448981  4.144021  2.988928   7.825791  2.252565  4.280733
F6004  3.960384  4.540461  3.971701  2.025258   2.174031  1.376655  3.395633
U4024  5.114174  3.190181  3.601311  1.839258   2.432671  2.693865  4.494243
A1005  6.359924  4.468951  2.978401  1.471998  11.279261  2.333825  3.726813

         TNFSF8     MED17     MED26      MED7       QKI     ITM2B     GSTO1  \
KU008  2.333563  2.315196  4.265159  5.330139  4.844274  6.289918  5.158703
SA001  2.303583  3.298146  4.631419  5.495059  4.987544  5.620968  3.924393
F6004  2.898273  2.480796  6.139099  5.975179  6.165884  6.243348  4.592483
U4024  2.472343  2.348046  4.304539  7.514639  5.893334  5.753678  3.799643
A1005  2.296873  2.606016  6.202659  6.846859  6.310134  7.069548  4.405073

           AIM2    MAP4K4      CD33      LY86   EIF2AK3     ITM2A     GGPS1  \
KU008  1.979811  3.019654  1.490346  2.303228  1.773538  1.505016  8.506784
SA001  2.066321  0.996084  1.648426  2.421808  2.193628  2.230366  6.767164
F6004  1.790041  1.409254  2.002566  1.836148  1.726218  2.209286  7.597174
U4024  5.228171  1.100324  1.950226  2.638238  1.644998  2.054386  9.034484
A1005  6.098941  1.983064  1.876866  2.630018  1.255878  2.010546  8.632434

         HOMER3    HOMER1   ARHGEF6    RASAL2     PICK1     HAND2     AKAP7  \
KU008  6.316738  4.011726  3.258793  5.399085  4.100751  3.137753  3.280486
SA001  6.733888  2.770206  4.798423  4.902665  5.469481  2.824433  3.281196
F6004  6.730328  3.840116  4.143383  6.262255  5.121811  3.336243  3.251066
U4024  6.791338  6.362276  3.732533  6.455345  5.586061  2.864513  3.527486
A1005  7.169898  3.945616  5.136733  6.759275  4.236641  2.841353  3.775486

         IL27RA   SH3BP5      CHST3      CD34    EIF4E2   C1orf38      ATG5  \
KU008  4.269357  4.43541   9.107961  6.542666  7.281769  7.312269  4.599777
SA001  3.113467  3.56479  10.938761  5.939626  5.932349  6.095569  2.517647
F6004  4.658987  5.14524  11.965701  7.534146  5.079229  7.804259  3.081807
U4024  3.312767  4.67498   9.462721  6.347296  5.342639  8.208989  4.225877
A1005  3.834097  4.98131   9.572461  6.435596  6.031279  8.684209  5.352567

          ROCK2     NAPSA     MED20  MAPK8IP1     CD36   ONECUT2  SLC25A27  \
KU008  6.074879  3.263947  4.187569  4.768571  1.50635  1.745985  3.340062
SA001  6.216819  3.394467  3.948389  5.443461  2.03670  2.150775  3.144112
F6004  4.729049  3.569207  3.220759  4.752581  1.46396  1.982845  2.979962
U4024  5.211299  3.446597  2.958449  4.185241  1.79889  1.634415  3.177832
A1005  4.999479  2.781457  4.351609  3.995241  2.18862  1.470685  2.700532

           STX8   CHST10      PIGL      PIGB      PGS1    SCARB1      PSMF1  \
KU008  3.089351  4.53586  3.616034  4.526188  4.123684  4.704518  10.778798
SA001  3.231351  5.11809  3.345404  5.531638  3.833054  5.253288   9.641978
F6004  4.155411  4.71048  3.086234  4.442138  4.742914  4.225978   9.724768
U4024  3.597871  5.03706  3.039974  3.520588  4.377724  4.623958   9.155808
A1005  3.624951  4.76328  2.917284  5.407008  4.159774  3.665718  10.329148

          KIF23   SLC4A7   SLC4A8    SCARB2    MAGED1    RPH3AL   ADAMTS3  \
KU008  3.753986  5.46767  2.54303  5.861643  3.852655  2.954023  3.594394
SA001  2.331286  6.22921  2.78644  3.918933  3.800635  2.153403  3.583754
F6004  3.426026  6.53051  3.19010  5.299093  3.754865  2.768593  3.321094
U4024  2.863716  5.33338  2.06784  5.089663  4.785165  3.197743  3.065484
A1005  3.286576  7.18312  1.85333  5.239173  4.152125  3.391513  3.077814

        ADAMTS2     CD37   ADAMTS1     PMPCB      FXR2   GAL3ST1     LITAF  \
KU008  7.336573  5.19213  4.143298  6.228048  4.514343  3.264228  5.397502
SA001  5.527383  5.62200  2.269298  5.835708  4.994613  4.181088  5.836372
F6004  6.848643  5.36160  4.091458  6.000068  4.701843  3.867778  6.325202
U4024  8.176723  5.57941  2.144878  6.083068  4.553383  4.023508  6.047022
A1005  7.812493  5.30501  5.366148  6.284808  3.998423  3.168898  6.101072

         SPTLC2     GDF15     TBPL1      CD38    NPEPPS    EEF1E1    SCAMP1  \
KU008  5.205204  3.710165  4.428989  1.667318  6.658884  6.290486  4.736725
SA001  5.035874  5.007535  3.900289  1.414088  5.387224  4.077626  2.769385
F6004  4.545464  7.124215  4.261859  1.425028  5.646934  5.974256  2.854805
U4024  4.590534  4.238415  4.287879  1.514298  6.521734  5.140426  3.902505
A1005  5.110284  3.914105  4.841279  1.854978  5.746344  6.161216  5.165555

          VPS4B     MPDU1     GOSR1    TMEM59      BAG5    ENTPD1      BAG4  \
KU008  8.604806  5.967526  2.166163  8.993631  4.056506  4.005752  3.802568
SA001  8.165196  5.848846  2.762483  8.361761  3.870006  3.219432  3.489588
F6004  8.596766  5.656056  2.513933  8.307831  3.363386  4.418152  3.874828
U4024  8.638656  5.860626  2.592303  8.324081  4.046096  3.755002  3.988118
A1005  8.984766  5.556016  2.199533  8.964281  4.008166  4.757752  4.046158

           BAG3      BAG2    POLR1C    ZNF254      GMFG    PTGES   TP53I11  \
KU008  7.341345  6.098283  6.122891  3.241799  5.825867  7.17099  2.876725
SA001  5.755465  5.022443  6.038271  3.446369  6.473157  3.73742  3.121605
F6004  8.518525  7.164923  6.138181  3.179389  7.506787  4.48795  3.525055
U4024  7.399375  6.234363  6.145921  3.500289  6.938947  4.09813  3.059515
A1005  6.516355  7.345443  6.802091  3.751489  7.771717  6.04597  2.398765

           EI24    ENTPD2     TP53I3      CIR1     RAB3D     APBA3    CXCL14  \
KU008  6.728148  4.252218   8.503059  6.082805  3.892234  2.841862  7.577573
SA001  6.250948  6.020828   9.054659  3.875435  3.132964  3.529082  8.234243
F6004  6.405758  4.692378   9.123399  4.945995  3.523444  3.317352  9.308353
U4024  5.886878  4.065038   9.923259  5.718585  3.024064  3.628752  7.043293
A1005  6.651128  4.339418  10.357649  5.057955  3.284904  3.418102  8.141833

         ENTPD6  ATP6V1G1     ATP5J2    SPAG7    MRPL33    SEC22B     H2AFY  \
KU008  5.584825  2.077537  10.890115  8.04144  8.108138  4.188265  4.541419
SA001  4.768885  1.879797  10.358785  7.65356  7.303058  3.500165  3.009299
F6004  4.337865  1.719427  12.400545  7.54212  7.989718  4.060825  3.662769
U4024  5.478025  1.724347  11.209995  7.59373  6.968088  3.468345  3.330449
A1005  5.712655  2.450537  12.008415  7.74699  7.983178  4.018935  3.559179

        C14orf2     CHD1L    VPS26A    ENTPD3      H6PD     BCAR1    GTPBP1  \
KU008  5.990024  3.277405  3.989072  1.509001  6.809846  6.427235  6.264388
SA001  4.867674  2.415325  3.150142  1.310431  4.959746  5.973035  5.830148
F6004  6.532294  2.606365  2.825612  1.199001  6.692766  6.573665  5.571108
U4024  5.201484  3.323025  4.291202  1.917541  6.313966  6.894765  6.575348
A1005  5.330424  3.215355  5.180462  1.150021  5.368206  6.406825  5.877528

         GABBR2    TSGA14  GTF2IRD1    ENTPD5     GOSR2     CLOCK    SPAG6  \
KU008  3.139421  4.152647  7.117929  4.975589  8.378032  3.684901  2.39973
SA001  3.597811  7.915267  4.704559  5.175949  6.972382  2.373901  3.57283
F6004  3.224161  4.535207  5.923129  4.907109  6.501822  3.353071  3.43854
U4024  3.194781  6.812777  5.169549  4.505019  8.149762  4.728781  2.79147
A1005  2.923641  6.392617  5.538559  4.272289  9.325812  3.909111  2.17521

            BRE      CD40     SOX13     PREPL  APOBEC3B    ENTPD4     RBM39  \
KU008  3.370826  4.415208  3.382366  3.632739  3.785873  3.255494  3.729036
SA001  3.564016  3.672148  4.406426  3.861579  3.602443  3.903924  4.396296
F6004  3.465596  4.983778  4.099126  4.699259  3.392913  2.338834  4.214566
U4024  3.786236  4.837598  4.070686  5.084089  3.143173  2.268854  2.061106
A1005  3.778596  6.807068  5.427906  5.214189  1.865193  2.957064  4.195226

        KIF20B     CREB5  MAD2L1BP     PRDX6      WTAP     AKAP12      IER2  \
KU008  6.84419  1.262486  4.854445  8.831989  7.316586  10.029383  9.644294
SA001  6.81624  1.190776  4.324435  5.609279  7.007496  10.141733  9.821384
F6004  9.85674  3.102286  4.779805  7.195379  6.635106  12.206343  9.628154
U4024  5.35814  2.031026  4.953685  7.990359  6.936956  10.858853  9.227234
A1005  7.02326  1.923036  5.041975  8.822409  7.231936  11.772013  9.362524

          CYTIP      CD44   PITPNM1     PDIA4    NFE2L3    RNF14   C16orf7  \
KU008  3.818404  6.276482  2.191569  5.906115  6.575144  3.76839  4.825905
SA001  4.286494  5.451722  2.378099  5.631755  6.108324  3.63419  4.869115
F6004  4.085994  5.953732  2.647239  5.548555  5.995784  4.63854  4.752785
U4024  4.794254  6.281312  2.369709  6.204965  6.220164  4.12685  5.103945
A1005  5.415754  7.518752  1.756639  5.599535  6.603434  4.61691  5.390825

         CARTPT     RAB36      CD47      RIN1     NCOR1     NCOR2       GDA  \
KU008  2.595668  4.332929  6.230519  5.068895  7.202472  7.021623  2.926361
SA001  1.351558  5.005299  3.947829  5.394145  5.838212  6.574763  3.480001
F6004  1.623838  4.590149  5.793209  5.517325  6.827092  6.769753  2.654241
U4024  1.665148  4.088899  5.378149  4.700525  6.785132  6.486513  3.490311
A1005  1.704918  4.240089  5.382599  4.803425  8.528952  6.446303  3.493071

           RNF7     MTRF1     TRAF4     ABCG1      CD48    CELSR1      AATK  \
KU008  3.212034  3.820565  6.173679  6.254769  2.073818  4.160578  7.345424
SA001  3.856984  3.353035  5.681099  7.362279  2.114818  4.308998  5.482584
F6004  3.648994  4.992505  5.900559  7.562049  2.207048  3.477238  7.050404
U4024  4.075084  5.978895  5.011819  7.385209  2.286688  3.855108  5.021034
A1005  3.361274  5.253425  5.369279  7.488559  2.256318  3.654338  4.230404

         SNCAIP      RGS6      CD53     GNA14    NUP155    SEC24C      MTL5  \
KU008  2.482105  1.980972  4.263866  3.147811  4.645293  4.869343  2.345257
SA001  2.025175  1.790962  1.674046  2.795801  2.824873  4.590603  3.541527
F6004  1.815725  1.678172  3.666136  2.562871  2.922733  3.736753  4.177457
U4024  1.764305  1.459612  5.111786  2.720221  2.984983  5.006493  4.345877
A1005  3.156915  1.526022  5.603666  2.408031  3.612813  3.548333  3.679777

          ISG15      FEZ2      FEZ1  ARHGEF10    ZNF592     IKBKE   MORF4L2  \
KU008  6.922856  3.093819  2.852839  5.436813  5.002306  7.041111  3.664487
SA001  7.104826  1.047489  2.250629  6.678673  5.642386  8.292671  5.653697
F6004  7.191066  1.463559  2.615329  6.992273  5.111836  8.217091  5.558667
U4024  7.170526  5.899269  2.945589  7.157153  5.256506  8.118001  5.120107
A1005  7.822606  1.664959  1.915329  5.117863  4.045976  8.262821  4.373237

       SH3PXD2A    MICAL2     FNIP1      CTR9     PPM1F      GCC2  RALGPS1  \
KU008  6.445606  6.971495  9.391698  8.599006  4.419664  6.440214  2.17176
SA001  4.981006  7.207225  9.239158  8.146906  3.697234  4.584034  2.45654
F6004  5.241276  7.572715  9.535548  8.144386  3.648934  6.411794  2.70818
U4024  4.295046  7.724685  8.843718  8.459546  3.566984  4.464544  2.36128
A1005  6.822726  6.819275  8.723688  8.795516  3.593594  5.684614  2.11039

           CD58     MTFR1     PLCH2     TTC37    HS2ST1     TTLL4     SOCS5  \
KU008  6.900248  5.507022  4.413085  5.901209  4.252643  1.760677  3.485128
SA001  5.309368  5.485452  4.054555  4.551409  1.620133  1.566277  3.850178
F6004  4.914568  5.930742  4.613805  5.489259  1.875683  2.716187  5.242578
U4024  4.891518  5.230322  5.030195  6.113669  1.580393  2.050947  5.031118
A1005  5.863658  6.062972  4.220625  6.525789  2.864283  2.524997  5.198768

           MDC1     IQCB1    ZNF516   PDE4DIP      CD59    CEP135     LPIN2  \
KU008  6.326364  5.218234  2.836324  6.378122  7.072859  5.610221  6.383596
SA001  6.321914  4.921144  3.425484  3.439052  6.701959  5.882791  4.359726
F6004  6.522064  4.927114  3.430414  3.724042  6.990329  6.154441  3.510796
U4024  6.807974  3.796334  3.100904  4.626892  7.329379  5.765821  3.209396
A1005  8.165434  5.253774  2.643784  5.760712  7.118829  6.262941  5.035676

       KIAA0430     DZIP3     SAFB2     EIF5B       CD63     IPO13     WSCD2  \
KU008  3.168751  2.996394  6.809358  5.381156  10.320875  3.597634  2.579904
SA001  4.595101  2.273884  6.998338  4.728566   9.672745  4.741634  2.526884
F6004  4.519241  3.393874  6.551008  4.982716   9.167955  3.452334  1.986214
U4024  5.019321  2.773894  7.043168  4.778226   8.631365  3.873184  2.108724
A1005  4.907901  2.695584  6.044018  5.719286  10.064565  3.861924  1.979324

           SDC3  SLC25A44      TTI1      TGS1   PPIP5K1     PHF14    FAM53B  \
KU008  4.518037  8.609018  6.694103  7.266412  1.609571  7.410499  2.919769
SA001  3.960127  6.962878  7.789593  4.736472  2.849991  6.681019  2.671529
F6004  5.628497  7.972398  7.852603  6.364072  1.895121  5.260729  3.509459
U4024  3.847557  7.962508  6.706263  6.768892  1.774301  6.809699  2.801049
A1005  4.422487  8.257488  7.468053  5.970582  2.304841  6.600209  3.893509

          CD68    DEPDC5     KDM4A     N4BP1    LRRC14    CLINT1     VGLL4  \
KU008  3.85374  2.412927  6.986592  4.002185  7.375126  7.260401  4.981292
SA001  2.33753  2.558147  5.642682  2.742265  7.334556  5.801041  4.657262
F6004  4.39638  3.401757  5.398982  3.316265  6.902846  7.380281  4.326432
U4024  3.13645  2.295017  7.300242  4.395995  6.856076  6.986431  4.810182
A1005  2.92552  3.420557  6.527912  3.937445  6.679836  6.648231  5.697222

          GREB1     NUP93      BZW1      CD69     UBE3C  KIAA0391   RAPGEF2  \
KU008  2.368858  5.687835  7.618765  1.900012  4.692063  4.191901  2.250028
SA001  2.511118  5.563495  6.147925  1.882972  5.576743  4.279931  1.300518
F6004  2.782768  5.167345  8.103935  2.584212  5.166203  4.874241  2.249348
U4024  2.132818  5.189495  8.039245  1.701552  6.406693  4.552121  1.405748
A1005  2.460888  6.040235  7.681625  2.478272  5.256293  6.350441  2.407008

          EDEM1     CROCC     TRAM2      PUM1     ACYP1     ESPL1    PPP6R2  \
KU008  5.134874  4.559357  3.537488  3.798279  3.127867  3.536169  2.023125
SA001  6.881024  4.598997  3.905318  2.211339  3.018067  3.222109  4.245115
F6004  4.627914  5.386317  4.237798  2.492009  2.890447  3.337129  3.419995
U4024  4.866864  4.708007  4.013908  2.560529  2.739817  3.310539  2.487525
A1005  6.224074  5.926027  4.491898  4.184239  3.675697  3.300149  3.970915

          CEP57  KIAA0100     DHX34      ULK2   HERPUD1      CD72  KIAA0355  \
KU008  7.319481  7.782496  6.897393  3.398373  5.897722  3.856261  7.438289
SA001  9.188771  7.652616  6.706783  2.717523  5.269232  3.725771  5.582479
F6004  7.124121  9.289826  5.550933  2.552913  6.109642  3.836241  5.656329
U4024  7.295211  8.457316  6.526443  2.965983  5.378762  3.996101  5.598199
A1005  7.970581  8.534436  6.909013  3.548883  6.959642  4.040611  6.561519

       KIAA0226   USP6NL   FAM131B       AQR      ECE2  ADAMTSL2      CD74  \
KU008  2.486188  4.40481  3.033726  5.304399  3.585558  4.429678  6.080038
SA001  2.903018  3.31853  2.640766  5.034049  4.887628  5.566758  6.129448
F6004  4.351208  3.98864  4.137106  5.806629  5.555578  5.525068  6.788118
U4024  3.594558  4.08303  4.520196  4.377699  5.407548  4.843838  7.852118
A1005  3.279888  4.38250  3.072586  5.477369  6.633488  5.693028  8.593298

         NOS1AP    SEMA3E   TMEM63A    ZNF646  RAB11FIP3  SECISBP2L  C6orf174  \
KU008  3.216478  1.840813  8.867234  2.905377  10.299853   5.802948  1.892289
SA001  3.427758  2.101663  7.546964  2.337877   9.127013   4.770938  2.639829
F6004  3.475428  1.730873  7.159464  2.879967   8.077143   5.058878  3.226609
U4024  3.692778  2.096443  8.319324  2.522497   8.375883   5.296478  2.453409
A1005  2.978718  1.866183  9.716244  2.371847   8.777933   5.987858  2.120499

          VPRBP  KIAA0562     DOCK4    SART3     HDAC9      KNTC1     USP34  \
KU008  4.250709  6.341748  3.952491  5.91943  1.791148   7.343124  6.407791
SA001  5.174769  6.128928  2.671251  6.20123  3.303478   8.855444  4.201771
F6004  5.778999  7.029358  4.183731  6.65772  2.818908   9.020354  4.079831
U4024  3.497769  6.671258  4.790921  5.73847  2.784948  10.041144  3.523541
A1005  4.260169  5.548648  4.480871  7.00578  3.492308   9.224064  4.984041

        GPRASP1    SETD1A     CD79B   LAPTM4A    IFT140  ARHGAP32     ACAP1  \
KU008  3.792197  8.199503  3.096879  9.062387  2.348852  4.042661  3.266089
SA001  2.008997  9.025793  3.872259  8.045637  2.288282  4.127321  2.973369
F6004  2.944397  9.183983  3.689069  8.024697  2.304452  4.150041  2.905989
U4024  3.542257  8.171703  3.160479  7.956247  2.799772  5.437551  3.522599
A1005  2.864887  8.124973  2.968449  8.632447  2.245162  4.829921  3.197789

         ZNF536    CLSTN3       SLK   PHACTR2       CD81    FAM65B      SNPH  \
KU008  2.381618  3.111858  3.323678  4.114715  10.933648  1.870912  4.542492
SA001  2.444718  4.775178  2.749708  4.275245  10.944068  3.194152  5.255972
F6004  2.599208  3.910548  2.482448  4.903045  10.537058  2.600962  5.452712
U4024  2.409288  3.928988  3.504328  4.420245  10.988748  3.317652  4.243312
A1005  1.744058  4.470738  3.698678  4.069375  11.914298  4.089092  5.222542

         PCDHA9   ZSCAN12    STARD8     HDAC4       CD97       TOX      MLEC  \
KU008  4.384897  2.277124  7.775607  3.475038   9.820631  3.202596  7.864476
SA001  5.110607  2.565254  8.391727  3.853248   9.849431  3.537786  6.446576
F6004  4.999357  2.869994  8.396667  3.577618  10.208211  3.258116  5.401316
U4024  5.001327  2.357744  9.319907  3.878168  10.559581  2.373346  6.518996
A1005  4.089197  3.897644  9.244627  4.830138  10.709071  3.539926  7.299896

       KIAA0513   ZFYVE16  KIAA0247     PHF16  KIAA0101     CD151    RASSF2  \
KU008  3.622824  5.176171  4.399953  7.569127  3.144974  6.678716  1.729335
SA001  3.345754  4.840301  4.416383  9.024887  2.704894  6.760436  1.470155
F6004  2.688834  5.622421  4.861533  6.637287  2.148154  6.448886  1.824215
U4024  2.759314  4.715921  5.081613  7.420347  1.865554  7.258946  2.154365
A1005  4.178384  6.428311  5.269183  5.635377  2.103774  7.279506  3.880635

        RAPGEF5  KIAA0195   BCLAF1    EIF4A3     ATG13    TM9SF4  KIAA0232  \
KU008  6.621655  5.382749  4.35537  2.514255  4.378707  5.019336  5.310859
SA001  5.718605  6.475709  3.72559  2.940735  6.104127  5.292786  4.853639
F6004  4.391145  5.766629  5.40010  3.105425  4.603937  5.668886  4.275819
U4024  5.081075  5.703339  5.48054  1.867635  5.237197  5.557526  4.536069
A1005  5.264975  5.580069  7.26397  3.135515  4.500717  5.615436  4.879519

         TBC1D5       CDA    FAM38A   RNF144A     SNHG4    RIMS3     SNX17  \
KU008  5.911263  9.412521  4.176608  3.691588  8.306313  1.63801  6.112009
SA001  5.491633  6.353221  4.628098  3.123448  5.548363  1.89424  6.756659
F6004  4.742763  5.226061  3.604008  5.182928  5.796333  2.79457  5.600429
U4024  5.780743  7.254731  3.926938  4.218688  6.093433  2.39780  6.815189
A1005  6.135623  6.117991  4.860228  4.118948  7.802863  6.45398  5.993139

         DHX38  KIAA0586    DLGAP5     MTSS1     SPCS2      BMS1    PTDSS1  \
KU008  6.75709  3.286328  4.275477  4.504694  4.518871  6.385878  7.925622
SA001  6.73892  2.810338  3.206197  2.825084  5.477661  5.866008  7.207342
F6004  5.87183  3.242428  3.311587  4.141694  5.724951  5.661648  7.088012
U4024  6.75403  3.283928  3.756997  3.492974  4.715871  5.758718  6.710472
A1005  6.61397  4.995658  4.280137  3.069324  4.958181  6.050448  7.069722

        SERTAD2     CKAP5     MAML1   PHYHIP    TATDN2  KIAA0174     ACYP2  \
KU008  3.802997  4.560895  5.359616  5.59823  4.260162   5.79133  1.492211
SA001  3.692117  6.380045  4.299706  3.97939  4.562942   4.46329  2.359741
F6004  4.522077  5.156755  2.572736  5.33094  4.226402   5.08750  2.704721
U4024  6.503137  5.834495  4.318926  6.15559  4.248712   5.73853  4.371471
A1005  5.019337  6.171115  2.757376  7.97519  4.858122   6.67774  3.457331

         MRPL19    DAZAP2    TOMM20     SCRN1    SPOCK2     IP6K1     RNF40  \
KU008  4.771461  4.403527  6.993352  3.221243  4.151252  3.807711  7.453172
SA001  4.166181  3.591917  4.795642  4.362423  5.889172  4.423161  7.497312
F6004  3.972651  3.107907  5.867012  3.859463  4.806232  3.677441  7.318502
U4024  4.730021  2.960327  6.261322  4.004803  5.136042  3.774401  7.214082
A1005  5.064201  4.030047  6.990032  4.134773  6.193432  3.575971  7.848662

       KIAA0427  KIAA0141  KIAA0494      SFI1      GIT2      URB2     KEAP1  \
KU008  5.127732  6.706695  2.898543  4.911132  4.228197  3.391405  5.875767
SA001  4.152642  2.756275  3.188313  4.465842  5.496797  2.707405  6.454257
F6004  3.972802  4.585695  2.226443  5.071412  5.991547  2.937155  6.408057
U4024  3.642772  4.387385  2.650833  6.132752  5.868207  3.104275  6.670077
A1005  4.395712  5.482255  3.110983  4.953702  6.843297  4.404785  7.554007

          NUPL1  TSC22D2      CUL7   RB1CC1   ARMCX2  ARHGAP11A    SPATA2  \
KU008  3.578019  8.69965  4.363702  3.67969  4.31662   2.139067  3.592923
SA001  3.095739  8.25938  5.009502  4.35191  3.84502   2.543497  4.048203
F6004  3.310459  8.70216  4.624372  3.69720  4.35012   2.584727  4.640913
U4024  2.858289  8.71389  4.701052  3.96724  3.95662   1.944117  3.737843
A1005  3.589279  7.99400  5.012192  4.49819  4.58091   2.358447  4.850833

       ARHGEF11      RGP1   ARHGEF17    DNAJC6      CDK1    TRIM14    ZNF623  \
KU008  6.639445  6.029578   9.209689  1.544091  7.305487  5.210053  5.737044
SA001  6.626285  7.345208   9.184129  1.747331  6.456677  6.331743  5.927634
F6004  6.790995  6.873438  10.149639  1.441551  5.845967  5.757053  4.963854
U4024  7.508965  6.224638   9.737759  1.255421  7.168487  5.581963  4.704004
A1005  6.850905  7.678938   9.297619  0.906441  6.402557  4.642163  4.236334

       JAKMIP2     MELK     LCMT2     GINS1      ZEB2    CDK11B    ZBTB24  \
KU008  3.16003  3.35800  1.855648  5.875176  5.042331  2.410675  5.208839
SA001  1.97745  4.48650  3.353558  4.963046  4.507271  2.922875  5.281139
F6004  3.25911  7.10321  3.194128  6.226106  5.079411  3.465435  4.666319
U4024  2.40401  6.29530  3.281858  5.489526  4.938971  2.917115  4.864849
A1005  3.09968  6.48300  4.265418  5.377306  5.987651  2.269995  5.889199

       MIR4315-1      HEPH     ELMO1      GAB2  KIAA0528    MFAP3L   ZNF518A  \
KU008   6.506453  8.482719  2.218212  8.536357  7.904059  2.622327  4.677688
SA001   5.811343  6.200649  2.508122  8.013017  4.993569  2.510737  2.762998
F6004   6.861243  7.494019  3.884582  8.408197  6.691669  2.676937  3.772338
U4024   7.533243  7.714419  2.382382  8.676637  6.393519  3.698277  3.873988
A1005   6.950573  7.607539  2.834172  8.212297  7.627959  2.641767  5.413818

       KIAA0753  EPM2AIP1     RUSC2    C2CD2L    FARP2  KIAA0319   CEP350  \
KU008  3.321565  4.323879  4.093417  8.034952  3.28329  2.506312  4.03936
SA001  2.359215  5.013829  4.065397  6.616182  2.85588  3.185882  3.75623
F6004  2.063155  4.269999  4.416497  7.433712  3.74451  3.012742  7.61169
U4024  2.177795  3.966599  3.825827  7.123462  3.04733  2.698582  4.42685
A1005  3.478085  4.963269  4.077027  7.222462  4.41419  2.254342  5.32315

       KIAA0649   CEP170     LRIG2     PSMD6     MED24     MAGI2    TRIM66  \
KU008  4.536558  2.78036  5.881992  6.499963  7.634862  3.089215  2.343256
SA001  4.379778  1.87243  3.980912  5.942563  7.223042  3.714495  3.094036
F6004  4.489438  2.03254  4.685892  7.367693  7.183812  3.122835  3.036686
U4024  4.588388  2.69319  5.319242  6.917453  6.776082  3.134425  2.649056
A1005  4.814218  2.96221  4.913662  7.729023  7.220112  2.839905  4.027126

           PJA2  TOMM70A    SETDB1      LRBA  KIAA0317   SEC24D   FCHSD2  \
KU008  7.247416  7.21845  6.021197  2.937582  5.924283  3.77293  4.75443
SA001  4.496516  6.01927  6.947947  3.569862  5.296983  3.42711  5.99232
F6004  5.556136  7.13619  6.503417  4.227432  4.537533  3.55154  5.86114
U4024  5.713166  7.48516  6.974647  3.466232  5.782703  4.03173  5.75270
A1005  7.049156  6.82299  7.625357  4.851882  6.231743  4.67981  6.11823

           TLK1      URB1   ZC3H11A      TOX4     DDX46     CDC5L   ZBTB39  \
KU008  3.538605  3.002609  5.667985  4.789055  4.983339  2.790465  1.41724
SA001  5.458375  2.996019  5.493575  5.385045  2.502969  4.490435  1.74679
F6004  4.204455  4.105799  5.094875  5.801795  4.153879  5.647145  2.16050
U4024  5.377875  3.077559  6.610755  5.554305  4.579529  4.568535  1.61650
A1005  4.907275  4.637279  5.431205  4.932765  4.060029  4.746235  2.08521

         TRANK1    TBC1D4    POM121   LRRC37A    OSBPL2  RHOBTB1      SMG7  \
KU008  4.017511  8.834984  4.157689  5.220747  6.799974  2.90013  4.790933
SA001  3.468651  7.139194  3.766789  5.008837  7.198874  1.33029  5.189523
F6004  4.189401  8.658344  4.522079  4.141887  6.597324  1.80746  4.573273
U4024  3.048931  7.112974  3.322829  4.127527  6.665964  2.46470  5.323563
A1005  5.701561  8.623014  3.986679  4.862397  8.155504  1.86247  5.420373

          ZBED4     SEPT7    NUAK1    SNAP91     TELO2    TECPR2      FIG4  \
KU008  5.118252  4.790042  4.99342  1.923645  5.337956  5.897701  3.309166
SA001  4.748472  4.172672  3.98287  1.757985  5.655216  5.311971  2.149186
F6004  5.941662  4.717462  4.94345  1.936715  5.332666  4.259921  2.618296
U4024  5.123672  5.842732  6.48966  2.146515  6.011476  5.226831  2.779106
A1005  6.313542  4.726352  7.14433  1.990355  6.427056  3.965691  3.591576

       KIAA0196    UBAP2L      CDC6   SRGAP3      MRC2    KLHL21     RBM19  \
KU008  8.188688  5.768359  9.904313  3.99407  7.462153  2.829817  7.910995
SA001  7.515198  7.393729  5.329013  4.29092  7.682203  3.093157  8.565025
F6004  8.279668  5.523439  6.788723  4.15483  7.726013  3.626797  9.081585
U4024  8.539648  6.618039  5.090263  3.57166  8.036113  3.761287  8.859405
A1005  8.300018  6.870619  5.804513  4.24521  8.451963  3.597737  8.863685

          SGSM2   SLC35E2  KIAA0415     G3BP2   DENND4B     CDC20  RABGAP1L  \
KU008  6.805102  5.878019  7.000803  6.304789  3.531238  7.358621  4.709892
SA001  5.821932  6.617249  6.937213  3.305579  4.722098  7.960531  1.867292
F6004  6.072972  6.072329  6.700923  3.668279  5.015888  7.265721  4.889172
U4024  6.517372  5.929069  5.861523  5.373559  5.467028  7.665461  5.289142
A1005  7.018702  5.867789  7.208353  7.659509  6.538188  7.769261  6.634582

       ARHGAP44    SUPT7L    ATP2C2    ARNT2    FAM20B    NCAPD2   SEC16A  \
KU008  3.487644  4.733013  3.099067  2.51999  5.888955  8.531528  6.30636
SA001  4.795964  4.439153  3.839437  3.06974  4.565505  8.935108  5.34010
F6004  4.717304  4.287073  3.898057  2.83338  6.201515  8.426518  5.32575
U4024  5.192044  4.891453  3.257887  2.94040  6.563835  7.878348  5.16441
A1005  4.574364  5.203723  2.990527  2.32717  6.832095  8.698048  6.06285

        KBTBD11     RNF10    IQSEC1    ZBTB40      PAN2     ZBTB5   LPGAT1  \
KU008  2.448374  3.986518  7.659704  3.659168  3.186652  5.609281  6.44688
SA001  4.080794  2.872858  6.053534  3.276508  3.670392  4.658711  5.72219
F6004  3.736874  4.085828  5.842504  3.716548  3.106592  5.209511  5.42806
U4024  3.303144  4.024808  5.392134  4.379458  3.026072  5.407491  6.24332
A1005  3.243384  4.093908  6.813084  5.012698  2.864812  6.349061  6.91296

           MFN2     KIF14     JOSD1    CDC25A      HELZ  KIAA0020    P2RY14  \
KU008  8.017296  6.021277  7.868377  5.438121  7.212115  5.709697  1.927857
SA001  7.244036  5.059047  9.263677  7.862611  5.511645  4.589637  1.689327
F6004  8.140166  5.122717  9.454087  7.251811  5.292025  6.098787  2.032867
U4024  7.820306  5.642657  7.642897  6.003781  5.199125  5.411547  1.830337
A1005  8.635826  5.626677  9.304477  6.475631  5.923215  7.213957  2.028987

           MAFB     CD302   DCLRE1A  ARHGAP25     RBM8A    CDC25B      EXOG  \
KU008  3.760875  3.697337  5.150133   3.40580  6.244279  8.224081  4.929022
SA001  3.253805  3.416237  5.037583   3.78159  3.163379  7.813611  4.564262
F6004  3.272595  3.931747  5.103213   5.23090  3.737939  6.751811  4.637162
U4024  4.023885  3.302787  4.899493   4.14305  4.607809  6.445431  4.612402
A1005  5.271575  3.322237  6.053103   6.39989  5.268419  7.295881  5.134092

           XYLB     OXSR1     GFPT2    CRYZL1      WDR1   AMMECR1    CDC25C  \
KU008  6.534406  4.461793  6.539228  5.426259  5.561464  5.248762  1.515549
SA001  4.951756  4.305583  3.030298  5.483279  6.447754  3.281952  3.207809
F6004  4.716476  5.334823  4.217748  5.406249  5.733554  3.909452  1.864339
U4024  4.922476  4.324983  4.831628  4.635239  7.352174  4.592352  1.339469
A1005  6.270206  5.884483  5.402118  5.873729  5.440674  4.862762  1.930189

         GOLGA5  HS3ST3B1  HS3ST3A1     HS3ST2    HS3ST1     USP15     CDC27  \
KU008  6.706918   2.18519  1.916519   6.217165  2.797459  5.408648  2.330451
SA001  5.619708   1.26065  2.210189   6.576325  3.752149  4.495508  2.545701
F6004  6.077548   1.52377  3.724989   6.086325  2.417819  5.741618  2.454141
U4024  5.975128   1.50836  2.299579   7.328885  2.868299  6.099408  3.088421
A1005  6.915838   2.11354  2.276399  12.631505  2.059159  5.267778  3.146401

           USP3       MVP   SLC23A2   SLC23A1     FGF19   TNFSF15    THRAP3  \
KU008  6.342789  3.770072  5.277923  1.609398  2.044054  5.429552  6.140278
SA001  5.840009  4.116472  4.120883  1.618788  1.663124  6.304172  6.174808
F6004  6.043679  3.675042  6.270053  1.625408  1.449244  5.887672  5.429698
U4024  5.765649  3.426702  6.531333  1.776568  1.534154  6.305072  5.261448
A1005  7.164879  3.712592  6.785893  1.595518  1.868504  4.852652  6.290688

          MED12     MED13      CDC34     NR1H4    NUP153       CCS     NR1D2  \
KU008  4.516031  8.065145   9.017113  1.622877  2.925896  5.556145  3.551226
SA001  6.525201  4.859015  10.645873  1.657897  3.019116  5.568285  4.536456
F6004  5.359761  5.736375   8.725423  1.429537  3.918496  5.180495  6.156926
U4024  4.182211  7.717715  10.243033  1.539497  4.103736  5.155385  6.058596
A1005  4.994811  4.978205   7.282183  1.497927  4.275346  5.307625  6.608426

         CLEC2B     CDC42    DOPEY2    FGFBP1     THOC1      REC8      RCE1  \
KU008  3.247801  5.901571  2.425836  4.481163  5.547238  6.872721  4.591567
SA001  3.642651  4.732951  3.278826  5.683583  5.355768  4.637911  5.613197
F6004  3.798551  5.941451  2.326716  5.914263  5.548728  4.166971  4.772987
U4024  5.053321  5.397031  3.079566  6.424963  5.102818  5.786451  5.029057
A1005  4.641181  5.951141  2.349696  5.495973  7.112038  5.571241  4.095797

         HNRPDL     DMTF1    PPP4R1      CDH1   SLC12A6     ROD1     DGCR2  \
KU008  8.780527  4.560509  6.337588  8.503087  3.223257  4.77594  7.207375
SA001  6.366317  5.479479  4.327098  6.749827  3.040607  6.33225  5.608725
F6004  7.134557  3.175759  4.479788  7.662617  3.246437  6.00346  5.744985
U4024  7.535257  4.585459  4.817858  6.922617  3.316917  6.27375  5.016285
A1005  9.749397  5.282589  5.611358  7.262377  3.387307  5.20247  6.486585

       CASP8AP2      SCO2
KU008  6.082262  5.051237
SA001  4.808102  5.445647
F6004  6.116412  4.629227
U4024  7.116272  5.400207
A1005  6.657742  5.338907
